Timestamp,CPU Nice (%),CPU System (%),CPU User (%),CPU I/O Idle (%),CPU Idle (%)
1461736500,0,0,0,0,0
1461736502,0,1.5,11.9,0.3,86.4
1461736507,0,2.6,25,7.4,64.8
1461736512,0,2.6,31.6,3.4,61.7
1461736517,0,0.7,5.7,0.1,93.4
1461736522,0,2.1,24.3,1.2,72.2
1461736527,0,1.2,13.5,3.6,81.5
1461736532,0,0.9,11.8,7.9,79.3
1461736537,0,0.8,13.6,2.7,82.7
1461736542,0,1,12.1,3.2,83.5
1461736547,0,0.9,10.1,9.6,79.3
1461736552,0,1.1,7.7,1.1,90
1461736557,0,0.3,0.7,0.8,98.2
1461736562,0,0.2,0.7,0.3,98.8
1461736567,0,0.3,2.9,0.2,96.6
1461736572,0,1.5,13.5,2,82.8
1461736577,0,1.7,3.7,16.1,78.1
1461736582,0,1.4,4.5,20.5,72.9
1461736587,0,3.4,31.4,4.2,60.9
1461736592,0,1.3,2.9,3.1,92
1461736597,0,0.6,0.9,1.8,96.5
1461736602,0,1.6,7.7,7.6,83
1461736607,0,1.6,12.8,7.2,78.3
1461736612,0,2.7,21.5,1.5,74.3
1461736617,0,1.5,14.2,2.6,81.5
1461736622,0,0.9,10.3,9.1,79.6
1461736627,0,1,13.7,3.2,82.1
1461736632,0,0.9,11.3,4.3,83.4
1461736637,0,0.8,11.2,4.7,83.2
1461736642,0,1.1,5.1,1.3,92.4
1461736647,0,0.4,0.8,0.6,98.2
1461736652,0,0.2,1.1,0.1,98.7
1461736657,0,0.6,2.4,1.8,95.2
1461736662,0,1.1,5.6,14.9,78.5
1461736667,0,1.3,8.5,7.5,82.3
1461736672,0,1.6,2.9,13.4,81.9
1461736677,0,1.4,3.5,21.6,72.9
1461736682,0,2.2,23.1,5.5,69.2
1461736687,0,2.3,10.8,10.7,75.9
1461736692,0,1.7,3.7,0.5,93.5
1461736697,0,1.1,3,2.9,93
1461736702,0,3.6,23.6,3.7,69
1461736707,0,1.4,14,5.2,79.4
1461736712,0,1.2,14.4,2.3,82
1461736717,0,1,14,3.3,81.6
1461736722,0,1.1,13.3,4.6,80.8
1461736727,0,0.9,11.3,4.7,83.1
1461736732,0,1.3,11.4,1.5,85.7
1461736737,0,0.3,0.9,2.3,96.5
1461736742,0,0.4,1,1.3,97.4
1461736747,0,0.7,2.5,5.7,91.1
1461736752,0,1.3,10.9,6.9,80.4
1461736757,0,1.6,2.2,13.6,82.2
1461736762,0,1.1,2.9,33.8,61.8
1461736767,0,2.5,20.8,1.8,74.5
1461736772,0,2.8,14.2,7.8,74.7
1461736777,0,1.6,0.9,0.5,96.7
1461736782,0,1.6,8.2,9.7,80.4
1461736787,0,1.3,15.6,1.5,81.5
1461736792,0,2,18.6,4,75.4
1461736797,0,1.5,13.3,1.9,83.2
1461736802,0,1.3,12.6,8.3,77.6
1461736807,0,0.9,15.4,5.7,77.8
1461736812,0,0.9,13.5,6.8,78.7
1461736817,0,0.9,12.1,3.7,83.2
1461736822,0,1.1,6.1,1.9,90.8
1461736827,0,0.2,0.7,0.1,99.1
1461736832,0,0.3,1,0.1,98.6
1461736837,0,0.8,2.7,5.1,91.4
1461736842,0,2,14.4,12.2,70.8
1461736847,0,0.8,3.7,25.7,69.5
1461736852,0,1.5,5.8,13,79.2
1461736857,0,1.9,21.8,5.6,70.6
1461736862,0,2.6,6.7,8.3,81.9
1461736867,0,1.3,4.8,2.5,91.1
1461736872,0,2.7,22.1,3.5,71.6
1461736877,0,2.1,27.3,3.2,67.3
1461736882,0,1.1,14.1,6.4,78.2
1461736887,0,1.3,12.8,4.2,81.6
1461736892,0,1.2,15.5,1.8,81.3
1461736897,0,1,11.5,12.7,74.6
1461736902,0,0.9,8.7,4.3,86
1461736907,0,0.3,0.7,0.6,98.4
1461736912,0,1,3.2,0.2,95.6
1461736917,0,0.3,0.7,1.5,97.5
1461736922,0,1.9,12.6,3.8,81.4
1461736927,0,0.9,2.5,29.9,66.3
1461736932,0,0.5,51.4,15.8,32.2
1461736937,0,1.6,4.1,27.4,66.5
1461736942,0,2.8,24.7,12.4,59.9
1461736947,0,2.8,9.4,12.1,75.5
1461736952,0,3,14.9,13.4,68
1461736957,0,2.2,25,0.8,71.9
1461736962,0,2.6,22.3,3.6,71.4
1461736967,0,1.5,15.9,4.1,78.3
1461736972,0,1.3,15.2,9.2,74.1
1461736977,0,1.4,14.1,3.4,81
1461736982,0,1.2,12.6,3.9,82.1
1461736987,0,1.2,11.7,4,83
1461736992,0,1.2,12.8,0.5,85.3
1461736997,0,1.6,15.1,4.9,78.2
1461737002,0,1.4,11.7,3.1,83.4
1461737007,0,1.1,8.8,11.4,78.8
1461737012,0,1.8,4.1,6.2,87.3
1461737017,0,0.9,1.5,13.4,84.1
1461737022,0,1,2.7,27.4,68.8
1461737027,0,1.4,13.7,12.8,72.1
1461737032,0,3.3,18.6,5,72.7
1461737037,0,1.7,1.1,0.6,95.9
1461737042,0,1.9,5.2,6,86.9
1461737047,0,3,31.7,1.6,63.5
1461737052,0,2,14.9,6.2,76.8
1461737057,0,1.1,12.5,7.8,78.5
1461737062,0,1,14.5,3.5,80.9
1461737067,0,1.3,14.4,3.1,81.1
1461737072,0,1.2,12,6.8,79.9
1461737077,0,1,9.1,3.6,86.3
1461737082,0,0.4,2,4.6,93
1461737087,0,0.8,4,1.4,93.8
1461737092,0,1,2.6,14.7,81.6
1461737097,0,1.1,10,6.9,81.7
1461737102,0,1.1,2.3,11.9,84.2
1461737107,0,1.6,3.5,17.4,77.3
1461737112,0,1.8,10.1,8.7,78.9
1461737117,0,2.5,19.6,8.7,69
1461737122,0,2.2,3.3,2.9,91
1461737127,0,1.1,2.9,3.6,92.4
1461737132,0,3.2,22.4,4.3,70.1
1461737137,0,2.2,22.5,3.7,71.4
1461737142,0,1.3,14.7,6.5,77.2
1461737147,0,1,13.9,6.9,78.1
1461737152,0,1.1,16.3,1.7,80.6
1461737157,0,1.2,12.8,10.7,75.1
1461737162,0,1.3,13.9,4.2,80.5
1461737167,0,2.2,15.5,5.8,76.2
1461737172,0,1.7,18,1.2,78.9
1461737177,0,0.9,5,21.7,72.4
1461737182,0,1.3,8,6.6,83.3
1461737187,0,1,1.4,12,85.6
1461737192,0,1.3,3.3,33.1,62.3
1461737197,0,2,28,6,63.9
1461737202,0,2.5,14.7,6.9,75.5
1461737207,0,2.2,18.2,11.4,67.8
1461737212,0,1.7,17.2,11.3,69.7
1461737217,0,3.3,26,2.4,68.2
1461737222,0,1.4,13.5,4.6,80.4
1461737227,0,0.6,6.8,12.2,80.3
1461737232,0,1.2,10.8,6.8,81
1461737237,0,1.7,17.1,4.3,76.6
1461737242,0,1.4,13.8,3.4,81.2
1461737247,0,1.6,11.3,2.1,84.8
1461737252,0,0.4,0.7,0.1,98.9
1461737257,0,0.4,0.8,0.6,98.3
1461737262,0,1.2,5.5,15.7,77.6
1461737267,0,1.1,9.5,12.3,76.7
1461737272,0,1.2,2,18.1,78.3
1461737277,0,1.4,3.2,21.3,74
1461737282,0,1.8,9,5.3,83.1
1461737287,0,2.6,22.2,9.1,66
1461737292,0,2.9,11.4,16.7,68.7
1461737297,0,2.6,33.8,2.8,60.4
1461737302,0,0.7,4.7,4.3,90.2
1461737307,0,2.8,20.7,1,75.5
1461737312,0,1,14.5,6.6,77.7
1461737317,0,1.1,10.6,4.8,83.4
1461737322,0,2.2,16.6,14.4,66.7
1461737327,0,1.5,14.5,2.3,81.5
1461737332,0,1.2,12.9,2.3,83.4
1461737337,0,2,15.7,3.6,78.4
1461737342,0,1.3,11.5,4.4,82.4
1461737347,0,1.3,7.5,11,80
1461737352,0,0.9,7.6,20.1,71.4
1461737357,0,1.4,4.5,15.5,78
1461737362,0,1.2,1.4,14.2,83.1
1461737367,0,1.1,1.9,14.4,82.5
1461737372,0,2.1,25.2,6.3,66.4
1461737377,0,2.7,8,17.8,71.3
1461737382,0,2.4,21.9,14.6,60.3
1461737387,0,1.9,20.5,3.2,74.4
1461737392,0,3,20.8,1.8,74.3
1461737397,0,1.2,14.8,1.5,82.3
1461737402,0,1.2,14.9,5.2,78.5
1461737407,0,1.4,15.5,1.6,81.3
1461737412,0,1,14.5,4.8,79.6
1461737417,0,0.8,4.9,7.1,87.1
1461737422,0,0.4,0.7,0.1,98.8
1461737427,0,0.3,0.9,0.3,98.5
1461737432,0,1.3,4.2,3.3,91.1
1461737437,0,1.5,12.6,10.8,74.9
1461737442,0,0.9,2.5,19.5,76.6
1461737447,0,1.7,4,29.5,64.3
1461737452,0,1.7,18.2,26.9,52.8
1461737457,0,2.5,16.1,7.7,73.4
1461737462,0,2,11,21.4,65.4
1461737467,0,2.6,30.7,1.2,65.5
1461737472,0,2.3,17.6,1.8,78.3
1461737477,0,2.1,13.9,3.8,80.1
1461737482,0,1.4,13.4,4.8,80.4
1461737487,0,1.6,14.2,2.5,81.6
1461737492,0,1,12.3,6.2,80.3
1461737497,0,1,12.3,5.3,81.2
1461737502,0,0.8,3.7,8.8,86.7
1461737507,0,0.3,1,0.7,98
1461737512,0,0.3,1.1,0.7,98
1461737517,0,0.4,0.7,0.5,98.5
1461737522,0,1.4,4.2,5.1,89.3
1461737527,0,1.3,10.6,13.8,74.1
1461737532,0,1.6,6.2,11.3,80.3
1461737537,0,1.7,3.2,22.2,72.5
1461737542,0,1.7,11.2,6.9,79.9
1461737547,0,2.3,21.3,8.4,67.7
1461737552,0,1.7,3.4,0.8,93.6
1461737557,0,1.1,3.8,6,89
1461737562,0,1.4,11.3,16.5,70.8
1461737567,0,3.8,25.8,4.6,65.6
1461737572,0,1.3,14.2,2,82.4
1461737577,0,1.1,12.2,3.8,82.6
1461737582,0,2.1,19.8,3.3,74.6
1461737587,0,0.9,11.4,12.8,74.8
1461737592,0,1.4,11.1,2.7,84.7
1461737597,0,0.4,0.9,1.7,96.9
1461737602,0,0.3,0.5,0.1,99.1
1461737607,0,0.3,0.9,0.2,98.6
1461737612,0,1,6.7,6.4,85.9
1461737617,0,1.6,8.1,8.6,81.1
1461737622,0,1.3,2.9,25.6,69.9
1461737627,0,1.7,5,13.4,79
1461737632,0,2.3,26.5,7.2,64
1461737637,0,2.4,7.3,16.2,73.4
1461737642,0,0.6,0.9,2.2,96.1
1461737647,0,1.2,2.5,4,92.2
1461737652,0,3.4,32.9,4.1,59.2
1461737657,0,1.7,15.4,3.4,79.4
1461737662,0,1.5,14.7,4,79.6
1461737667,0,1.5,15,1.7,81.6
1461737672,0,1.1,11.9,2.8,84.1
1461737677,0,0.9,11.7,3.8,83.5
1461737682,0,2.1,16.6,5.1,76
1461737687,0,1,11.5,5.7,81.7
1461737692,0,1,11.3,5.3,82.2
1461737697,0,1,10.1,10.1,78.6
1461737702,0,1.1,3.9,22.9,71.6
1461737707,0,1,1.8,13.6,83.4
1461737712,0,1.4,2.3,10.6,85.7
1461737717,0,1.8,19.8,9.4,68.9
1461737722,0,3.1,12.4,7.5,76.6
1461737727,0,2.2,18.2,12.9,66.3
1461737733,0,2.7,18.8,9.6,68.2
1461737738,0,2.3,17.5,3.5,76.7
1461737743,0,1.8,16.5,6.7,74.7
1461737748,0,1.3,15.6,5.7,77.3
1461737753,0,1.3,14.2,3.8,80.4
1461737758,0,0.9,11.9,2.6,84.4
1461737763,0,1,12.9,3.4,82.6
1461737768,0,0.5,4.6,1.4,93.5
1461737773,0,0.9,7.8,0.2,91.1
1461737778,0,0.3,0.7,1.6,97.5
1461737783,0,1.6,9.7,6.8,81.8
1461737788,0,1.4,5.2,13,79.9
1461737793,0,1.5,3.3,14,81
1461737798,0,2,11.6,8.1,77.7
1461737803,0,1.2,21.1,21.3,56.3
1461737808,0,0.7,1.3,26.4,71.5
1461737813,0,0.5,1.4,28.3,69.7
1461737818,0,1.2,2.9,23.1,72.7
1461737823,0,1.5,4.3,21.1,73
1461737828,0,2.3,24.9,4.1,68
1461737833,0,3.6,30.9,1.4,63.9
1461737838,0,1.3,14,2,82.6
1461737843,0,1,9.9,14.3,74.7
1461737848,0,0.8,14.5,1.2,83.3
1461737853,0,1.7,16.9,1.8,79.5
1461737858,0,1.1,13.4,6.7,78.5
1461737863,0,1.1,11.2,6.6,81
1461737868,0,0.3,1.6,0.9,97.2
1461737873,0,0.4,1,0.3,98.4
1461737878,0,0.3,0.6,0.1,99
1461737883,0,0.5,1.8,3,94.6
1461737888,0,2,11.6,7.7,78.2
1461737893,0,0.8,3.7,17.9,77.3
1461737898,0,1.4,3.1,15.8,79.6
1461737903,0,1.6,3.1,10.9,83.8
1461737908,0,2.5,27.7,3.6,66.1
1461737913,0,1.6,5.1,5.4,87.5
1461737918,0,1.6,2.2,1.2,94.7
1461737923,0,1.9,7.7,7.7,82.7
1461737928,0,2.9,27.6,6.6,62.7
1461737933,0,2,22,1.6,74.3
1461737938,0,0.9,13.9,1.8,83.2
1461737943,0,1.6,17,1.3,80
1461737948,0,1.1,14.7,3.6,80.5
1461737953,0,2.2,17.3,0.4,79.6
1461737958,0,1.2,12.2,2.3,84
1461737963,0,1.1,13.2,0.5,85
1461737968,0,1.6,11.9,17.5,68.7
1461737973,0,1,2,16.7,80
1461737978,0,1,3.7,20.7,74.4
1461737983,0,1.5,2.8,13.1,82.5
1461737988,0,1.8,24.8,7.3,66.1
1461737993,0,2.2,7.8,9.5,80.2
1461737998,0,2.3,15.2,24.7,57.4
1461738003,0,2.1,26.1,1.3,70.5
1461738008,0,2.3,13.4,1.4,82.9
1461738013,0,2.2,17.1,2.7,77.9
1461738018,0,1,14.2,4.6,80.1
1461738023,0,1.6,16.9,1.8,79.5
1461738028,0,1.1,10.8,5.8,82.2
1461738033,0,1.1,12.8,0.6,85.2
1461738038,0,0.4,3,2.9,93.7
1461738043,0,0.4,1.3,1.9,96.4
1461738048,0,0.4,0.9,1.1,97.6
1461738053,0,0.3,0.8,0.1,98.8
1461738058,0,1.6,5.7,13.8,78.8
1461738063,0,1.2,10.9,6.3,81.3
1461738068,0,1.2,5.4,12,81
1461738073,0,1.4,5.1,24,68.9
1461738078,0,1,3.6,23.6,71.5
1461738083,0,1.8,18.2,6.2,73.6
1461738088,0,3,10.6,25.3,60.6
1461738093,0,2.4,29.6,2.4,65.3
1461738098,0,2.7,16.3,1.2,79.6
1461738103,0,1.8,16.2,4,77.9
1461738108,0,1.4,15.3,6.9,76.1
1461738113,0,1.6,15.5,3.3,79.4
1461738118,0,1.2,13.6,4.3,80.7
1461738123,0,1.1,12.6,4.7,81.4
1461738128,0,0.9,6,0.5,92.5
1461738133,0,0.4,2.7,0.3,96.6
1461738138,0,0.3,1,0.8,98
1461738143,0,0.2,0.7,0.8,98.4
1461738148,0,1,3.2,7.2,88.6
1461738153,0,1.8,11.4,7.4,78.9
1461738158,0,1,1.7,12.9,84.3
1461738163,0,1.9,5.6,24.9,66.8
1461738168,0,1.5,19.5,16.2,62.8
1461738173,0,2.9,14.9,10,71.8
1461738178,0,2.1,6.8,9.1,81.5
1461738183,0,2.3,27.7,4.7,65.3
1461738188,0,2.4,24,1.4,72.2
1461738193,0,1.7,15.6,1.1,81.6
1461738198,0,1.2,13.7,4.5,80.4
1461738203,0,1.6,13.8,2.7,81.7
1461738208,0,1.1,12.3,7.5,79
1461738213,0,1.1,10.7,2.8,85.3
1461738218,0,0.4,1,1.4,97.2
1461738223,0,0.6,2.5,1.6,95.2
1461738228,0,0.3,0.7,0.7,98.3
1461738233,0,1.9,7.6,4.3,86.1
1461738238,0,1.3,9.4,4.5,84.2
1461738243,0,1,1.8,13.5,83.6
1461738248,0,1.9,5.2,18.3,73.7
1461738253,0,1.4,18.1,8.2,72.2
1461738258,0,2.5,18.4,5.4,73.3
1461738263,0,1.4,0.8,1,96.3
1461738268,0,1.3,4.7,3.8,90.2
1461738273,0,3.3,29.6,5.7,61.4
1461738278,0,2.2,16.3,4.1,77.1
1461738283,0,1.2,14,5.4,79.1
1461738288,0,1.6,14.7,8,75.6
1461738293,0,1,11.1,10.8,77
1461738298,0,0.9,12.9,5.2,80.8
1461738303,0,1,6.4,0.4,92.1
1461738308,0,0.3,0.9,0.1,98.8
1461738313,0,0.3,0.7,0.1,98.9
1461738318,0,0.3,0.5,0.5,98.7
1461738323,0,1.9,13.3,6.6,77.7
1461738328,0,1.3,3,17.5,77.8
1461738333,0,1.7,4.2,23.7,69.9
1461738338,0,1.9,24,6.7,67.2
1461738343,0,2.6,8.8,10.9,77.5
1461738348,0,2.3,19.6,15.2,62.1
1461738353,0,1.8,19.1,2.4,76.6
1461738358,0,2.3,17.6,12.9,67.1
1461738363,0,1.5,14.9,2.4,81.1
1461738368,0,1.2,16.9,5.9,75.8
1461738373,0,1.5,21.1,2.7,74.6
1461738378,0,1.1,11.9,5.1,81.8
1461738383,0,1.2,12.7,1.8,84.2
1461738388,0,0.9,3.4,1.6,94.1
1461738393,0,0.4,1,1.3,97.3
1461738398,0,0.3,1.3,1.5,96.9
1461738403,0,0.2,0.9,0.8,98.1
1461738408,0,0.6,3.6,4.7,91.2
1461738413,0,1.4,10.1,22.9,65.5
1461738418,0,1.5,2.9,8,87
1461738423,0,1,1.7,17,80.2
1461738428,0,1.9,12,13.6,71.7
1461738433,0,1.2,11.1,15.7,72
1461738438,0,2.1,17.8,12.6,67.3
1461738443,0,2.2,10,10.8,76.5
1461738448,0,2.5,32.6,1.5,63.2
1461738453,0,1.6,11.1,0.8,86.5
1461738458,0,2.9,19.8,5.1,72
1461738463,0,1.3,14.4,9.3,74.9
1461738468,0,1.5,17.7,3.1,77.5
1461738473,0,1,11.4,2.9,84.6
1461738478,0,1,10.6,7.2,81.1
1461738483,0,0.9,6.9,5.7,86.5
1461738488,0,0.3,0.6,0.4,98.6
1461738493,0,0.5,3.3,0.3,96
1461738498,0,1,8.8,8.7,81.4
1461738503,0,1.2,4.8,10.9,82.4
1461738508,0,1.7,4.5,22.4,70.9
1461738513,0,1.8,18.2,12.3,67.5
1461738518,0,2.5,15.5,14.3,67.3
1461738523,0,0.9,3.1,4.7,90.8
1461738528,0,0.3,1.3,1,97.4
1461738533,0,2.3,19.1,5,73.4
1461738538,0,2.9,20.8,1.9,74.3
1461738543,0,1.2,15.4,7.3,75.9
1461738548,0,1.5,14.6,2.3,81.5
1461738553,0,1.2,14.8,5.7,78.1
1461738558,0,1.1,13.1,3.4,82.2
1461738563,0,0.7,4.1,0.4,94.8
1461738568,0,0.3,0.7,0.1,98.9
1461738573,0,0.3,0.6,0.4,98.8
1461738578,0,0.5,1.7,4,93.8
1461738583,0,0.4,1.8,1.3,96.6
1461738588,0,0.2,0.6,2.4,96.8
1461738593,0,1.1,8.7,6,84.3
1461738598,0,1.5,5.3,6.3,86.3
1461738603,0,1.2,2.4,16.9,79.4
1461738608,0,1.4,3.9,25.8,68.2
1461738613,0,1.7,20.9,6.5,70.8
1461738618,0,2.3,15.7,5.2,76.4
1461738623,0,1.5,1.2,1.8,94.9
1461738628,0,1.5,7.6,4.9,86
1461738633,0,3.1,28,5.8,63
1461738638,0,2,16.4,6.4,75.1
1461738643,0,1.5,12.3,13.9,72
1461738648,0,1.1,11.3,4.1,83.5
1461738653,0,1.7,15.4,4.9,77.8
1461738658,0,1,12.1,3.9,82.8
1461738663,0,1,8.6,4.2,86
1461738668,0,0.3,4.9,0.7,94.1
1461738673,0,0.3,2.7,0.3,96.7
1461738678,0,0.5,1.4,2.2,95.9
1461738683,0,0.9,7.3,14.2,77.5
1461738688,0,1.7,5.4,4.8,87.5
1461738693,0,1.4,2.3,13.9,82.2
1461738698,0,1.8,4.8,17,75.8
1461738703,0,1.4,18.6,23.3,56.6
1461738708,0,2.5,20.9,4.4,71.9
1461738713,0,1.4,1.1,2.9,94.1
1461738718,0,1.4,3.3,4,91.1
1461738723,0,3.6,30.4,6.5,59.1
1461738728,0,2,15.6,4.4,78
1461738733,0,1.3,16.3,5.9,76.3
1461738738,0,0.9,12.6,5.5,80.9
1461738743,0,2.3,18.2,2.2,77.1
1461738748,0,1,12.6,2.3,83.9
1461738753,0,1.1,6.2,0.7,91.9
1461738758,0,0.4,1.4,0.9,97.4
1461738763,0,0.6,2.5,2.6,94.3
1461738768,0,0.3,0.6,0.6,98.5
1461738773,0,1.5,11.8,2.7,83.8
1461738778,0,1,1.9,17.1,79.5
1461738783,0,1.1,2.6,29.5,66.6
1461738788,0,1.3,4.8,16.9,76.2
1461738793,0,3.1,27.8,4.2,64.6
1461738798,0,1.5,3.1,3.4,91.6
1461738803,0,1.6,2.7,2.9,92.5
1461738808,0,2.3,20,6.1,71.4
1461738813,0,2.8,16.8,22,58.3
1461738818,0,1.1,11.7,8.2,78.9
1461738823,0,1.3,18.1,5.9,74.7
1461738828,0,1.5,15.3,4.7,78.4
1461738833,0,1,13.5,3,82.5
1461738838,0,1.4,14.9,2.9,80.7
1461738843,0,0.3,1.2,0.8,97.6
1461738848,0,0.2,0.8,0.3,98.7
1461738853,0,0.3,3.3,0.4,96
1461738858,0,1.3,10.5,9.9,78.3
1461738863,0,1.5,3.5,14.8,79.6
1461738868,0,1.4,4.3,15.5,78.5
1461738873,0,1.4,6,13.6,78.6
1461738878,0,2.6,25.9,8.2,63
1461738883,0,0.8,1.3,28.4,69.5
1461738888,0,1.4,6.6,23.2,68.8
1461738893,0,2.9,28.5,4.2,63.2
1461738898,0,1.5,10.3,13.6,74.1
1461738903,0,1.8,12.7,0.9,84.6
1461738908,0,1.9,17.3,2.3,78.4
1461738913,0,1.3,14.9,3.4,80.3
1461738918,0,2.1,15.2,3.5,79.1
1461738923,0,1.1,11.4,3.6,83.7
1461738928,0,1.5,15.6,2.2,80.6
1461738933,0,0.4,0.8,0.1,98.7
1461738938,0,0.5,2.7,6.1,90.6
1461738943,0,0.4,0.8,0.5,98.4
1461738948,0,0.5,1,3.3,95.1
1461738953,0,1.1,2.9,15,81
1461738958,0,1.8,10.3,5.7,81.8
1461738963,0,1.1,1.6,13.6,83.6
1461738968,0,1.6,7.3,14.2,76.4
1461738973,0,1.9,18.4,9.2,70
1461738978,0,1.8,18.8,8.8,70.4
1461738983,0,1.5,4.8,3.6,89.8
1461738988,0,1,2.3,6.9,89.5
1461738993,0,0.7,1.3,25.5,72.5
1461738998,0,0.5,3.2,26.2,70
1461739003,0,1.1,6.3,21.4,71
1461739008,0,3.6,27,8.4,60.8
1461739013,0,1.9,16.8,2.3,78.9
1461739018,0,1.1,11.6,6.7,80.5
1461739023,0,1.7,13.1,2.5,82.7
1461739028,0,1.4,15.3,4.4,78.7
1461739033,0,0.9,9.7,3.8,85.5
1461739038,0,0.3,0.7,0.5,98.5
1461739043,0,0.3,0.6,0.4,98.7
1461739048,0,1,9.8,4.4,84.8
1461739053,0,1.5,4.3,15.3,78.2
1461739058,0,1.8,6.2,28,63.2
1461739063,0,1.5,21.3,18.3,58.8
1461739068,0,2.4,12.9,8.3,76.2
1461739073,0,1.8,1.3,2.2,94.2
1461739078,0,1.4,3.4,4.9,90.3
1461739083,0,3.5,30.5,3.1,62.8
1461739088,0,1.9,18.2,2.2,77.5
1461739093,0,1.1,18.6,6.7,73.4
1461739098,0,1.5,12.4,5.7,80.1
1461739103,0,1.1,10.8,4.4,83.6
1461739108,0,1.1,13.7,4.3,80.8
1461739113,0,0.9,3.6,0.9,94.6
1461739118,0,0.4,1.7,2.4,95.5
1461739123,0,0.4,2.2,1.8,95.6
1461739128,0,0.2,0.5,0.2,99.1
1461739133,0,0.6,1.1,2,96.3
1461739138,0,0.4,1.2,0.7,97.7
1461739143,0,1.7,10.2,8.8,79.1
1461739148,0,1.4,2.8,18.1,77.1
1461739153,0,1.6,5,14.1,78.9
1461739158,0,1.2,8.5,23.4,66.7
1461739163,0,2.3,22.2,6.7,68.5
1461739168,0,2,4.6,28.6,64.4
1461739173,0,2.5,32.8,2.6,62
1461739178,0,2.7,17,2.1,78.1
1461739183,0,2.2,20,2,75.6
1461739188,0,1.4,16.6,1.1,80.8
1461739193,0,1.4,9.4,11.1,77.9
1461739198,0,1.1,13.4,1.6,83.7
1461739203,0,0.8,10.8,10.5,77.9
1461739208,0,1.2,7.1,0.8,91
1461739213,0,0.3,3.5,0.3,95.8
1461739218,0,0.2,0.6,0.6,98.6
1461739223,0,0.2,0.9,0.2,98.7
1461739228,0,0.9,3.8,5.8,89.5
1461739233,0,1.4,10.2,5.9,81.9
1461739238,0,1.2,2.4,12.2,84
1461739243,0,1.6,5.1,20.1,72.3
1461739248,0,2.2,22.4,14.3,61.1
1461739253,0,2.9,12.2,8.4,76.1
1461739258,0,1.6,9.9,30.8,57.4
1461739263,0,2,26.9,1.5,69.5
1461739268,0,2.8,23.2,1.3,72.6
1461739273,0,2.3,23.5,4.9,69.1
1461739278,0,1.6,15,7.7,75.5
1461739283,0,1.6,12.4,2.5,83.4
1461739288,0,1.2,12.5,4.8,81.4
1461739293,0,2,11.4,2.2,84
1461739298,0,1.3,13.4,4.9,80.1
1461739303,0,1.3,13.7,7.2,77.5
1461739308,0,2,6.7,15.2,76
1461739313,0,0.9,10.6,12.3,76
1461739318,0,1.4,2.9,10.9,84.2
1461739323,0,0.8,1.1,20.3,77.6
1461739328,0,1.2,2,12.5,84.2
1461739333,0,0.8,4.1,19.7,75.3
1461739338,0,1.8,16.8,6.6,74.8
1461739343,0,3.5,15.7,7.9,72.6
1461739348,0,1.4,1,2.8,94.2
1461739353,0,0.9,3.1,4.5,91.4
1461739358,0,5.3,19,7.2,68.3
1461739363,0,3.5,13.5,14.4,68.5
1461739368,0,3.6,22.4,1,73
1461739373,0,1.4,11.6,7.4,79.5
1461739378,0,2.4,10.7,3,83.8
1461739383,0,1.1,14.9,1.9,81.9
1461739388,0,1,12.1,5.9,80.7
1461739393,0,1.2,5.4,4.5,88.9
1461739398,0,0.3,0.7,2.5,96.6
1461739403,0,0.2,0.4,0.2,99.2
1461739408,0,0.7,1.3,4,93.9
1461739413,0,0.9,10.1,10.7,78.1
1461739418,0,1.2,3.8,21,73.5
1461739423,0,1.1,2.8,15.6,80.4
1461739428,0,1.3,3.3,25.8,68.9
1461739433,0,2.2,24.2,13.1,60.4
1461739438,0,3.2,8,4.3,84.1
1461739443,0,1.8,1.5,2.9,93.3
1461739448,0,4.5,11.5,3.9,80
1461739453,0,5.6,27.7,4.9,61.6
1461739458,0,3.1,19.4,1.4,75.8
1461739463,0,1.2,14.9,2.8,81.1
1461739468,0,1.8,13.1,8,77
1461739473,0,1.1,10.4,9.9,78.5
1461739478,0,1.7,15.9,4.1,78.3
1461739483,0,0.5,2.2,4.3,93
1461739488,0,0.2,0.8,0.4,98.6
1461739493,0,0.3,0.9,0.3,98.5
1461739498,0,0.2,0.6,0.1,99.2
1461739503,0,1.1,3.6,8.1,87.2
1461739508,0,1.3,10.2,7,81.1
1461739513,0,0.9,1.7,13.9,83.2
1461739518,0,1.9,4.6,15.2,77.6
1461739523,0,1,8.6,12.7,77.5
1461739528,0,2.2,19.7,11.9,66
1461739533,0,2.7,9.8,17.4,69.7
1461739538,0,5.9,30,4.2,59.4
1461739543,0,5,15.4,0.9,78.7
1461739548,0,4.9,22.8,3.6,68.6
1461739553,0,1.6,15.5,4.8,78.1
1461739558,0,2.2,10.6,5.4,81.7
1461739563,0,1.4,16.5,2.4,79.6
1461739568,0,1.1,17,12.6,69.1
1461739573,0,1.6,26.5,0.4,71.3
1461739578,0,0.4,4,6.8,88.8
1461739583,0,0.2,2.7,0.2,96.9
1461739588,0,0.7,1.5,4.1,93.7
1461739593,0,1.9,11.6,5.6,80.2
1461739598,0,0.9,2,24.9,72.1
1461739603,0,0.9,4.8,23.4,70.9
1461739608,0,1.2,10.2,26.8,61
1461739613,0,1.7,16.6,9.3,72
1461739618,0,2.6,21,6.7,69.4
1461739623,0,1.6,3.6,3.3,91.1
1461739628,0,1.5,2.8,4.4,91.1
1461739633,0,2.1,16.8,12.9,68
1461739638,0,3.4,23.9,3,69.6
1461739643,0,1.2,15.6,4,79.1
1461739648,0,1.7,16.3,2.2,79.7
1461739653,0,1.1,14.6,5.2,78.9
1461739658,0,1.2,13.8,6.4,78.3
1461739663,0,1.1,4.8,2,92
1461739668,0,0.3,0.7,0.9,98.1
1461739673,0,0.2,0.6,0.1,99.1
1461739678,0,0.2,0.6,0.9,98.3
1461739683,0,0.4,3.5,0.5,95.6
1461739688,0,1.5,10.7,12.5,74.9
1461739693,0,1.4,6.3,14.9,76.8
1461739698,0,2,9,18,70.1
1461739703,0,1.4,15.4,16,66.9
1461739708,0,3,39.2,4.8,52.4
1461739713,0,1.4,16.1,7.4,74.6
1461739718,0,2.3,28.6,11.1,57.7
1461739723,0,2.8,42.7,2,52.4
1461739728,0,2.3,23.3,1.9,72.4
1461739733,0,2.6,27.5,7.5,62
1461739738,0,1.4,13.2,4,81.3
1461739743,0,1.8,14.2,0.7,83.2
1461739748,0,1.9,13.5,5.2,79.2
1461739753,0,1.1,11.7,9.6,77.5
1461739758,0,1.1,9.9,3.8,85.1
1461739763,0,0.3,0.7,0.2,98.8
1461739768,0,0.2,0.9,0.4,98.4
1461739773,0,0.6,3.2,5,91.1
1461739778,0,1.1,5.8,20.5,72.7
1461739783,0,1.6,8.7,6.3,82.8
1461739788,0,0.6,1.9,19.4,78
1461739793,0,0.9,1.9,20,77.1
1461739798,0,1.7,5.8,8.4,83.4
1461739803,0,1.8,19.9,9.9,68.3
1461739808,0,2.7,10.9,13.1,73.2
1461739813,0,2.5,25.6,17.8,53.4
1461739818,0,1.5,21,5.3,72.1
1461739823,0,2.7,13.9,2.6,80.7
1461739828,0,1.7,18.9,2.3,76.9
1461739833,0,1.3,13.9,3.2,81.5
1461739838,0,2.3,11.4,5,80.9
1461739843,0,1,14.3,9.9,74.7
1461739848,0,1.2,12.6,3.6,82.4
1461739853,0,2.3,14.5,5.2,77.7
1461739858,0,1.2,11.7,0.3,86.6
1461739863,0,1.5,7.3,17.4,73.8
1461739868,0,1.5,13.8,7.9,76.4
1461739873,0,1.9,34.8,35.9,26
1461739878,0,1,24.9,31.4,42.4
1461739883,0,0.8,1.3,14.1,83.8
1461739888,0,1.3,2.9,21.3,74.5
1461739893,0,1.9,19.2,6.6,72.2
1461739898,0,2.4,15.6,15,66.6
1461739903,0,2.5,15.9,28.7,52.3
1461739908,0,2.1,27.4,8.3,62
1461739913,0,2,10,2,86
1461739918,0,2.7,18.3,2.1,76.9
1461739923,0,1.3,15.3,4.9,78.3
1461739928,0,1.1,13.3,4,81.4
1461739933,0,0.9,16.3,2.5,80.2
1461739938,0,1.4,12.8,5.4,80.3
1461739943,0,1.1,4.4,1.1,93.3
1461739948,0,0.4,0.8,0.2,98.7
1461739953,0,0.2,0.8,0.1,98.8
1461739958,0,0.4,1.5,3.1,95
1461739963,0,1.4,8.9,14,75.6
1461739968,0,1.6,6,22.1,69.7
1461739973,0,0.9,3,25.5,70.5
1461739978,0,1.4,3.8,17.6,76.5
1461739983,0,1,7.1,21,70.8
1461739988,0,2.1,20.4,8.8,68.4
1461739993,0,1.7,5.6,18.1,74.1
1461739998,0,1.8,18.7,5.4,74
1461740003,0,2.1,21.3,0.9,75.7
1461740008,0,3.3,18.8,3.7,74.1
1461740013,0,1.6,18.2,1.1,79
1461740018,0,2,17.3,14.1,66.3
1461740023,0,1.5,11.8,9.2,77.3
1461740028,0,1.2,13.8,13.5,71.3
1461740033,0,1.5,11.3,5.4,81.7
1461740038,0,1.4,12.4,1.6,84.2
1461740043,0,1.2,11.8,4.8,81.9
1461740048,0,1.8,11,9.2,77.8
1461740053,0,1.4,12.4,10.2,75.7
1461740058,0,0.9,1.3,16.2,81.3
1461740063,0,1.1,1.4,21.1,76.4
1461740068,0,0.9,2.4,12.8,83.8
1461740073,0,1,3.5,18.9,76.6
1461740078,0,2.1,25,5.9,67
1461740083,0,2.3,8.8,12.3,76.3
1461740088,0,2.5,26.1,4.7,66.1
1461740093,0,1.8,14.8,1.5,81.8
1461740098,0,4.1,20.9,4.1,70.8
1461740103,0,1.2,15.9,1,81.9
1461740108,0,1,12.4,3.1,83.5
1461740113,0,1,11.9,3.8,83.2
1461740118,0,0.9,10.8,13.4,74.8
1461740123,0,1.4,12.5,6.2,79.7
1461740128,0,0.5,0.8,1.4,97.4
1461740133,0,0.3,0.9,0.2,98.6
1461740138,0,0.4,1.7,10.6,87.2
1461740143,0,0.3,0.8,4.3,94.5
1461740148,0,1.3,3.1,16.9,78.7
1461740153,0,1,7.3,11.2,80.5
1461740158,0,1.4,5.4,7.6,85
1461740163,0,0.9,1.3,15.1,82.6
1461740168,0,2.1,4.7,12,80.5
1461740173,0,1.5,10.8,10.7,76.9
1461740178,0,1.8,19.3,10.9,67.8
1461740183,0,2.2,6.1,9.2,81.8
1461740188,0,1.5,5.6,17.9,74.9
1461740193,0,2.9,32.1,4,60.9
1461740198,0,0.7,5.2,5.1,88.9
1461740203,0,2.2,15.4,17.3,65
1461740208,0,1.9,15.9,10.7,71.3
1461740213,0,1.1,13.7,8.1,77.1
1461740218,0,1.4,11.9,4.7,81.8
1461740223,0,1.1,14.9,1.6,82.2
1461740228,0,1,12,5.1,81.8
1461740233,0,1.8,10.8,4.6,82.4
1461740238,0,0.8,24.9,24.6,49.6
1461740243,0,1.1,14.2,9.7,74.8
1461740248,0,1.5,5.7,14.2,78.5
1461740253,0,0.7,1.9,19.4,78
1461740258,0,1,5.8,18.9,74.3
1461740263,0,0.4,2.9,19.2,77.5
1461740268,0,1.5,5.5,6.9,85.5
1461740273,0,1,1.3,18.8,78.7
1461740278,0,0.9,1.6,11.8,85.6
1461740283,0,1,3.1,10.9,85
1461740288,0,2.2,24.2,4.6,68.8
1461740293,0,2.7,7.7,15.8,73.5
1461740298,0,1.6,0.7,1.1,95.9
1461740303,0,1,3.1,2.3,93.5
1461740308,0,3,7.9,12.6,76.4
1461740313,0,5.9,17.4,9.1,67.5
1461740318,0,4.4,22.3,8.5,64.5
1461740323,0,1.4,16.4,2.9,79.1
1461740328,0,0.8,11.2,7.4,80.5
1461740333,0,1.1,13.3,3.5,82.1
1461740338,0,1,12.6,4.6,81.7
1461740343,0,0.7,7.4,0.2,91.7
1461740348,0,1.2,3.1,0.2,95.5
1461740353,0,0.2,0.6,0.1,99.1
1461740358,0,0.2,0.5,0.8,98.5
1461740363,0,0.2,0.6,0.2,99
1461740368,0,0.9,2.1,8.4,88.5
1461740373,0,0.8,6.1,11.2,81.9
1461740378,0,1.5,8.1,13.1,76.7
1461740383,0,0.6,2.2,23.3,73.8
1461740388,0,1.4,5.4,30.4,62.2
1461740393,0,1.2,5.7,27.5,65.3
1461740398,0,3.2,23.8,7.1,65.7
1461740403,0,1.7,4.1,8.4,85.3
1461740408,0,1.3,1.5,0.7,96.1
1461740413,0,1.6,7.6,8.6,82.1
1461740418,0,3.1,28.4,7.2,61.1
1461740423,0,2.5,19.3,2,76.1
1461740428,0,1.4,14.2,3.1,81.1
1461740433,0,1.3,13.5,12.9,72.2
1461740438,0,1.4,17.1,7.4,73.8
1461740443,0,1.1,9.6,9.8,79.4
1461740448,0,0.7,6.1,0.8,92.5
1461740453,0,0.3,0.7,0.9,98
1461740458,0,0.3,0.5,0.1,99.1
1461740463,0,1.7,4,16.5,77.6
1461740468,0,1.3,10.4,6.1,81.8
1461740473,0,1.1,4.6,17.4,76.4
1461740478,0,0.9,1.9,15.7,81.5
1461740483,0,1.8,4.8,9.4,83.3
1461740488,0,1.2,10.3,12.2,76.2
1461740493,0,2.9,16.8,7.6,72.4
1461740498,0,2,5.2,9.3,82.9
1461740503,0,0.5,1.7,0.1,97.6
1461740508,0,1.2,2.3,11.9,84.6
1461740513,0,3.6,30.3,2.2,63.8
1461740518,0,2.2,17.1,3.5,77.2
1461740523,0,1.2,15.4,3.1,80.2
1461740528,0,0.6,7.6,14.6,76.9
1461740533,0,0.9,12.4,6.9,79.6
1461740538,0,1.1,13.9,2.4,82.6
1461740543,0,1.3,10.3,0.6,87.8
1461740548,0,0.3,0.7,0.2,98.8
1461740553,0,0.4,0.7,0.1,98.8
1461740558,0,0.6,2.9,2.7,93.7
1461740563,0,0.9,2,4.9,92.2
1461740568,0,1.4,11.2,8.4,78.1
1461740573,0,1.1,1.3,18.2,79.3
1461740578,0,1.3,4,23.7,70.5
1461740583,0,2,14.9,7.7,75.3
1461740588,0,2.5,17.2,7.8,72.2
1461740593,0,2,11.6,11.5,74.3
1461740598,0,2.4,29.5,1,66.8
1461740603,0,0.5,3.3,0.3,95.9
1461740608,0,3.9,21.1,5.1,69.8
1461740613,0,1.4,16.5,3.2,78.7
1461740618,0,1.7,14.5,21.8,61.9
1461740623,0,1.2,5.4,41.1,52.2
1461740628,0,1.3,9.3,12.7,76.6
1461740633,0,1.1,14.9,1.8,82.1
1461740638,0,1.3,12.5,2.8,83.3
1461740643,0,0.3,0.8,0.7,98.2
1461740648,0,0.2,0.5,0.3,99
1461740653,0,1,4.8,16,78.2
1461740658,0,1.2,10.3,8.5,79.6
1461740663,0,1.3,1.9,21.3,75.2
1461740668,0,1.3,3.7,12.6,82
1461740673,0,1.8,10,8,80
1461740678,0,1.4,18.4,11.4,68.7
1461740683,0,2.6,9,9.3,78.4
1461740688,0,1.2,0.9,2.6,94.8
1461740693,0,1.1,2.5,4.5,91.8
1461740698,0,2.9,21.9,4.5,70.6
1461740703,0,3.1,19.2,5.6,71.8
1461740708,0,1.4,16.8,5.6,76
1461740713,0,0.9,12.8,2.9,83.3
1461740718,0,1.7,16.3,2.8,79.1
1461740723,0,1.6,15.1,4.8,78.5
1461740728,0,0.5,5.8,1.2,92.3
1461740733,0,0.3,1.2,0.2,98.3
1461740738,0,0.6,1.4,7.3,90.6
1461740743,0,0.6,2.5,10.5,86.4
1461740748,0,0.8,1.8,6.6,90.7
1461740753,0,0.7,4.5,17.4,77.3
1461740758,0,1.5,7.1,8.1,82.5
1461740763,0,0.8,1.4,14.7,83
1461740768,0,1.5,4.2,8.2,85.6
1461740773,0,1.9,24.3,9,64.7
1461740778,0,2.9,14.2,6.8,75.8
1461740783,0,1.3,3.1,2.4,92.6
1461740788,0,0.7,2.7,2.9,93.6
1461740793,0,2,12.1,14.5,71.3
1461740798,0,4.7,28.7,8.8,57.7
1461740803,0,1.5,13.1,6.5,78.8
1461740808,0,1.2,16.9,7.9,73.8
1461740813,0,1.1,11.8,5.4,81.5
1461740818,0,1.1,15.5,0.7,82.6
1461740823,0,0.9,11.1,6.6,81.3
1461740828,0,0.3,0.7,1.2,97.8
1461740833,0,1,2.8,0.1,96
1461740838,0,0.3,0.5,1.3,97.9
1461740843,0,0.3,0.5,0.3,98.9
1461740848,0,1.1,2.6,11.6,84.7
1461740853,0,1.6,10.2,4.9,82.9
1461740858,0,1,1.9,26.9,69.9
1461740863,0,1.1,1.5,35.4,62
1461740868,0,1.7,5.2,27.4,65
1461740873,0,1.3,14.4,11,73.3
1461740878,0,2.3,18.6,9.3,69.4
1461740883,0,2.3,17.8,11.9,67.4
1461740888,0,1.8,20.8,5.8,71.5
1461740893,0,2.6,18,3.7,75.6
1461740898,0,2.7,11,11.2,75
1461740903,0,1.1,16.7,6.9,75.2
1461740908,0,1.1,14,1.3,83.6
1461740913,0,0.9,12.6,5,81.4
1461740918,0,1.5,14.6,12.1,71.7
1461740923,0,1.1,7.7,22.6,68.5
1461740928,0,0.6,2.2,5.5,91.6
1461740933,0,0.4,1.4,0.8,97.4
1461740938,0,0.4,0.6,0.6,98.5
1461740943,0,0.3,0.9,0.2,98.6
1461740948,0,1.6,4.4,11.3,82.6
1461740953,0,1.5,10.5,7.2,80.4
1461740958,0,1.1,2,14.3,82.5
1461740963,0,1.6,4.3,12.3,81.1
1461740968,0,0.4,1,27.5,71
1461740973,0,1.7,22.1,8.3,67.8
1461740978,0,2.3,11.3,12.7,73.3
1461740983,0,1.6,1.3,2.4,94.1
1461740988,0,1.4,4.2,5.3,89.1
1461740993,0,3.2,26.6,5.8,64.2
1461740998,0,1.9,13.6,9.4,75.1
1461741003,0,1.2,16.5,1.2,80.9
1461741008,0,1.2,11.5,3.4,83.8
1461741013,0,1.9,20.4,4.7,72.9
1461741018,0,0.9,13.1,7.3,78.7
1461741023,0,1,8.8,1.3,88.7
1461741028,0,0.4,0.7,16,82.9
1461741033,0,0.2,0.8,0.4,98.6
1461741038,0,0.4,1.8,4.1,93.7
1461741043,0,0.3,1.5,1.3,97
1461741048,0,0.8,2.8,24.6,71.8
1461741053,0,1.2,9.5,16.8,72.4
1461741058,0,1.5,2.9,13,82.2
1461741063,0,0.9,3.1,32.2,63.7
1461741068,0,1.6,5.3,21.1,71.8
1461741073,0,2.5,31,5.8,60.3
1461741078,0,1.5,4.5,13.4,80.5
1461741083,0,2.8,27.8,4.5,64.1
1461741088,0,2,14.6,9.6,73.2
1461741093,0,2.1,11.2,2.9,83.7
1461741098,0,2.1,18.1,9.5,70.1
1461741103,0,1.3,14.7,21.5,62.3
1461741108,0,2.8,18.7,2.7,75.5
1461741113,0,1.2,15.2,3.6,79.8
1461741118,0,1,9.9,1.6,87
1461741123,0,1.2,13.6,1.9,83.2
1461741128,0,1.2,13.5,7.4,77.6
1461741133,0,1.2,14.8,13.2,70.7
1461741138,0,1.1,10.3,11.4,76.8
1461741143,0,1.1,2,18.6,78.2
1461741148,0,1.5,2.4,17.9,78.1
1461741153,0,1.4,11.8,13.5,73.3
1461741158,0,2,15.9,12.8,69.1
1461741163,0,1.4,6.3,20.1,72
1461741168,0,1.5,0.9,1.1,96
1461741173,0,1.4,5.5,5.3,87.7
1461741178,0,3.3,23.7,2.9,70
1461741183,0,1.7,13,4.8,80.5
1461741188,0,1.4,15.3,1.5,81.6
1461741193,0,1.1,7.9,8.9,82.1
1461741198,0,0.4,2.6,21.2,75.8
1461741203,0,0.7,4.7,16.9,77.6
1461741208,0,1.3,15.7,4.8,78.1
1461741213,0,1.1,12.7,3.9,82.2
1461741218,0,1.2,4.5,3.3,90.9
1461741223,0,0.7,2.7,14,82.6
1461741228,0,1.1,4.2,13.4,81.3
1461741233,0,1.7,10.7,5.6,81.3
1461741238,0,1,1.4,19.7,77.7
1461741243,0,1.5,4.6,14.1,79.5
1461741248,0,1.5,5.8,12.8,79.4
1461741253,0,2,27.4,9.3,61.1
1461741258,0,2,8.3,11.2,78.2
1461741263,0,1.5,0.7,0.4,96.9
1461741268,0,0.8,2.3,1.4,95.5
1461741273,0,2.3,15.3,5.2,77.1
1461741278,0,2.7,13.9,9.6,73.6
1461741283,0,1.2,11.5,11.5,75.7
1461741288,0,1,16,0.5,82.4
1461741293,0,1.5,8,6.8,83.5
1461741298,0,1.1,14.7,2.6,81.5
1461741303,0,1.3,14.2,4.3,80
1461741308,0,2.1,15.8,0.3,81.5
1461741313,0,0.8,13.8,1,84.3
1461741318,0,1,12.2,4.1,82.6
1461741323,0,0.8,8.2,16.6,74.3
1461741329,0,1.5,4.7,11.7,81.4
1461741334,0,1.1,1.6,12,85.2
1461741339,0,0.9,3,18.7,77.3
1461741344,0,1.1,6.8,21.4,70.6
1461741349,0,3.2,23.9,8.7,64
1461741354,0,2.3,6.3,12.3,78.9
1461741359,0,2.7,24.6,4,68.1
1461741364,0,1.6,16.3,2.5,79.5
1461741369,0,2.9,15.2,5.7,76.1
1461741374,0,1.3,24.5,1.2,72.7
1461741379,0,1,12.8,3.8,82.2
1461741384,0,1.8,11.9,3.8,82.4
1461741389,0,1.1,14.1,5.3,79.4
1461741394,0,0.8,7.8,2.5,88.8
1461741399,0,1.2,4.2,7.5,86.9
1461741404,0,0.4,3,13,83.5
1461741409,0,0.4,0.8,0.6,98.2
1461741414,0,1,2.7,11.8,84.4
1461741419,0,1.3,10.5,5.4,82.2
1461741424,0,0.8,1.2,23.9,74
1461741429,0,1,1.3,17.5,80.1
1461741434,0,1.7,4.3,8.9,84.3
1461741439,0,0.5,2.2,20.5,76.7
1461741444,0,2.5,24.9,4.6,67.8
1461741449,0,2.2,8.4,15.4,73.8
1461741454,0,1.9,20.8,9.2,67.3
1461741459,0,2.3,23.2,7.4,67
1461741464,0,0.3,1.2,1.8,96.8
1461741469,0,0.5,2.6,0.4,96.5
1461741474,0,2.9,16.3,7.3,73.2
1461741479,0,1.4,14.3,2.8,81.4
1461741484,0,1.2,15.1,8.2,75.2
1461741489,0,1.8,5.5,9.7,82.9
1461741494,0,1.2,16.9,2.7,79
1461741499,0,1.3,14,2.9,81.6
1461741504,0,0.4,3,0.6,96
1461741509,0,0.3,0.7,0.1,99
1461741514,0,0.2,1,0.4,98.4
1461741519,0,1,2.5,8.9,87.6
1461741524,0,1.4,4.4,39.9,54.3
1461741529,0,0.6,10.7,36.6,52.1
1461741534,0,1.8,10.9,3.7,83
1461741539,0,0.7,1.2,15,83.1
1461741544,0,2.1,4.6,24.5,68.2
1461741549,0,0.6,2.8,22.9,73.7
1461741554,0,2.3,26.1,4.4,67.1
1461741559,0,2.4,5.9,15.1,76.2
1461741564,0,2.4,28.5,5.2,63.6
1461741569,0,1.3,9.2,0.5,88.9
1461741574,0,2.7,14.1,5.9,77.2
1461741579,0,1.6,18.6,9.2,70.4
1461741584,0,1.2,15.7,15.6,67.3
1461741589,0,1.5,11.2,7.2,80
1461741594,0,1,16.2,1.9,80.7
1461741599,0,1.3,10.6,1,87.1
1461741604,0,0.3,1.1,0.8,97.8
1461741609,0,0.5,1,1.9,96.5
1461741614,0,0.4,3.6,0.9,95.1
1461741619,0,0.3,1.1,0.8,97.8
1461741624,0,1,8.8,18.6,71.6
1461741629,0,1.4,5,15.1,77.9
1461741634,0,1.1,1.3,15.6,81.9
1461741639,0,1.6,4.8,18.1,74.9
1461741644,0,1.3,8.9,19.2,70.5
1461741649,0,1.2,15.9,9.5,73.2
1461741654,0,2.6,8.6,16.4,72.2
1461741659,0,1.8,10.3,22.4,65.1
1461741664,0,2.7,27.9,1.5,68
1461741669,0,2,9.7,2,86.2
1461741674,0,2.4,16.7,4.9,75.9
1461741679,0,1.2,16.3,1.9,80.3
1461741684,0,1.7,10.7,2.8,84.8
1461741689,0,1.2,15.9,3.5,79.3
1461741694,0,1.3,15.1,6,77.5
1461741699,0,0.5,3.6,8.4,87.4
1461741704,0,0.5,2.2,4.7,92.5
1461741709,0,0.3,0.6,0.6,98.6
1461741714,0,1.4,4.9,9.4,84.3
1461741719,0,1.3,11.4,4.9,81.9
1461741724,0,0.5,3.5,18.9,77
1461741729,0,1.6,4,11,83.1
1461741734,0,1.2,8.3,17.4,72.9
1461741739,0,1.8,17.1,7.6,73.4
1461741744,0,2.6,9.8,4.7,82.5
1461741749,0,0.9,1.8,0.3,96.6
1461741754,0,1.9,13.1,5.6,79.3
1461741759,0,3.3,19.7,12.4,64.5
1461741764,0,1.5,10.1,8.1,80.2
1461741769,0,1.1,17.4,5.9,75.6
1461741774,0,1.5,10.5,3.5,84.3
1461741779,0,1,14.9,2.8,81.3
1461741784,0,1,14.2,2.4,82.3
1461741789,0,0.8,5.5,2.9,90.8
1461741794,0,0.4,0.8,1.8,97
1461741799,0,0.2,0.8,6.2,92.8
1461741804,0,1.2,10,7.5,81.2
1461741809,0,1,3.1,19.5,75.8
1461741814,0,1.3,2.3,13.9,82.4
1461741819,0,1.7,5.5,26.6,65.6
1461741824,0,1.8,8.5,40.6,49
1461741829,0,1,6.6,21.2,71
1461741834,0,1.2,15,11.2,72.5
1461741839,0,2.3,8.1,9.7,79.4
1461741844,0,1.2,1.1,3.2,94.1
1461741849,0,1.2,2.5,9.8,86.3
1461741854,0,2.4,11.1,13.7,72.7
1461741859,0,7.9,20.7,4.3,67
1461741864,0,4.4,10.2,3.2,82.1
1461741869,0,1.7,16.9,7.1,74.2
1461741874,0,4.2,10.7,2.5,82.6
1461741879,0,1.6,16.7,12.9,68.6
1461741884,0,0.5,6.8,3.2,89.4
1461741889,0,0.4,2.1,1.5,96
1461741894,0,0.2,0.6,0.2,98.9
1461741899,0,0.2,0.5,1,98.3
1461741904,0,2.2,13.2,5.8,78.5
1461741909,0,0.9,2.3,23.5,72.8
1461741914,0,1.1,1.7,15.1,82.1
1461741919,0,1.7,4.4,28.2,65.1
1461741924,0,1.7,19.2,13.4,65.8
1461741929,0,2.6,15.1,10.8,71.2
1461741934,0,2.5,14.9,9.8,72.2
1461741939,0,2.5,25.2,7.3,64.9
1461741944,0,2.8,18.6,2.7,75.8
1461741949,0,1.7,15.1,2.7,80.4
1461741954,0,1.3,16.1,6.5,75.9
1461741959,0,1.7,8,6.9,83.3
1461741964,0,1.2,16.4,1.1,81.2
1461741969,0,1.8,14.8,6,77.3
1461741974,0,0.3,9.6,1.3,88.7
1461741979,0,0.3,1.3,1.9,96.4
1461741984,0,0.5,0.9,2.7,95.9
1461741989,0,0.4,1.2,1,97.3
1461741994,0,1.1,3.5,22.9,72.5
1461741999,0,0.7,7.7,12.9,78.6
1461742004,0,1.3,4.4,16.9,76.8
1461742009,0,1,2.2,18.6,78.1
1461742014,0,2,4.9,14.4,78
1461742019,0,1.5,13.4,9,76
1461742024,0,2.5,16.8,8.1,72.3
1461742029,0,1.2,2.7,6.4,89.3
1461742034,0,0.8,2.3,1,95.9
1461742039,0,2.7,18.5,7.3,71.5
1461742044,0,3.1,16.9,6.7,73
1461742049,0,1.2,16.4,2.5,79.9
1461742054,0,1.1,12.9,6.6,79.3
1461742059,0,2.2,10.5,17.3,69.9
1461742064,0,1.6,16.8,6.8,74.6
1461742069,0,0.8,10.1,0.4,88.6
1461742074,0,0.3,0.8,1.3,97.6
1461742079,0,0.2,0.6,0.1,99.1
1461742084,0,1.5,4,9.2,85.3
1461742089,0,1.3,10.8,6.8,80.7
1461742094,0,0.7,4.4,14.8,79.8
1461742099,0,1,1,17.4,80.5
1461742104,0,1.8,4.4,21.5,71.8
1461742109,0,1.3,6,16,76.4
1461742114,0,2.9,24.7,4.4,67.7
1461742119,0,2.6,9.3,23.4,64.2
1461742124,0,2.5,31.9,2.2,63.4
1461742129,0,2.4,11.3,2,84.3
1461742134,0,1.7,12.6,8,77.5
1461742139,0,1.2,16.6,1.9,80.1
1461742144,0,1.4,9.5,7.6,81.3
1461742149,0,0.9,16,0.3,82.7
1461742154,0,1,13.9,1.4,83.7
1461742159,0,0.3,0.7,1.8,97.2
1461742164,0,0.8,2.8,0.3,96.1
1461742169,0,0.5,0.8,2.2,96.5
1461742174,0,1.1,2.8,12.1,84
1461742179,0,1.6,11.8,11.8,74.2
1461742184,0,0.7,2.4,25.6,71.1
1461742189,0,0.9,1.6,19.7,77.8
1461742194,0,1.6,4.8,31.4,61.7
1461742199,0,1.6,23.1,6.4,68.9
1461742204,0,2.1,10.4,10.4,76.8
1461742209,0,1.6,1.3,6.5,90.2
1461742214,0,1.2,6.1,8.7,83.9
1461742219,0,3.5,24.9,6.4,65.2
1461742224,0,1.7,12.3,3.5,82.4
1461742229,0,1.5,17.4,3.4,77.5
1461742234,0,1.7,9.4,7.3,81.5
1461742239,0,1.2,15.3,11.3,72
1461742244,0,1.1,14.2,1.3,83.2
1461742249,0,0.9,2.9,2.4,93.8
1461742254,0,0.3,0.7,1.2,97.8
1461742259,0,0.3,0.6,0.5,98.6
1461742264,0,0.7,13.8,8.4,77
1461742269,0,1.2,19.3,6.2,72.8
1461742274,0,1.1,8.9,17.2,72.4
1461742279,0,1.4,3.6,22.7,72
1461742284,0,1.4,8.1,18.8,71.5
1461742289,0,2.6,23.4,10.1,63.7
1461742294,0,1.3,3.1,9.8,85.5
1461742299,0,1.4,3.5,14.3,80.4
1461742304,0,1.7,9.8,11.6,76.9
1461742309,0,3.7,21.8,5.5,68.9
1461742314,0,1.3,16.2,1.7,80.7
1461742319,0,1.3,14.1,3.2,81.3
1461742324,0,1.6,12.1,5.5,80.6
1461742329,0,1,14,8.4,76.4
1461742334,0,1.4,16.1,2.8,79.4
1461742339,0,0.9,11.1,7,80.8
1461742344,0,0.9,13.8,2.1,83
1461742349,0,1.8,8.3,19.2,70.6
1461742354,0,1.5,11.2,6.2,80.6
1461742359,0,0.8,1.8,20.6,76.6
1461742364,0,0.5,3.3,33.9,62.3
1461742369,0,0.4,0.6,26.2,72.8
1461742374,0,0.4,0.6,27.4,71.5
1461742379,0,1.3,2.5,11.9,84.2
1461742384,0,0.4,0.5,3.9,95.2
1461742389,0,0.3,0.4,4.3,95
1461742394,0,0.3,0.3,0.4,99.1
1461742399,0,0.2,0.3,0.3,99.2
1461742404,0,0.2,0.3,0.2,99.3
1461742409,0,0.3,0.4,0.3,99.1
1461742414,0,0.4,0.8,0.5,98.3
1461742419,0,1.1,2.4,11.4,85
1461742424,0,0.2,1.9,2.1,95.9
1461742429,0,0.3,0.3,1.4,98
1461742434,0,0.6,0.7,20.1,78.7
1461742439,0,0.5,0.9,28.2,70.3
1461742444,0,0,0,0,0
1461742449,0,0,0,0,0
1461742454,0,0,0,0,0
1461742459,0,0,0,0,0
1461742464,0,0,0,0,0
1461742469,0,0,0,0,0
1461742474,0,0,0,0,0
1461742479,0,0,0,0,0
1461742484,0,0,0,0,0
1461742489,0,0,0,0,0
1461742494,0,0,0,0,0
1461742499,0,0,0,0,0
